[(462, 298), (596, 233)]
[(507, 356), (640, 288)]
[(557, 418), (690, 344)]
[(600, 466), (737, 388)]
[(648, 527), (788, 441)]
[(693, 586), (823, 491)]
[(742, 648), (864, 539)]
[(806, 701), (900, 571)]
[(903, 732), (959, 586)]
[(982, 733), (1035, 584)]
[(1068, 748), (1125, 622)]
[(1146, 770), (1202, 639)]
[(1244, 786), (1287, 646)]
[(1343, 790), (1361, 651)]
[(1446, 792), (1463, 661)]
[(1537, 786), (1553, 672)]
[(1620, 796), (1646, 670)]
[(1672, 805), (1748, 681)]
[(1707, 827), (1888, 762)]
[(1706, 864), (1903, 943)]
[(1662, 895), (1737, 1010)]
[(1588, 902), (1632, 1037)]
[(1490, 928), (1533, 1051)]
[(1393, 938), (1396, 1055)]
[(1294, 942), (1266, 1055)]
[(1181, 948), (1119, 1056)]
[(1064, 930), (1011, 1051)]
[(1013, 904), (906, 999)]
[(854, 834), (877, 996)]
[(754, 892), (825, 1033)]
[(688, 925), (705, 1057)]
[(642, 927), (567, 1055)]
[(536, 923), (446, 1033)]
[(516, 891), (336, 934)]
[(496, 824), (318, 854)]
[(474, 742), (294, 760)]
[(441, 660), (269, 678)]
[(405, 567), (243, 621)]
[(322, 500), (208, 593)]
[(290, 460), (105, 511)]
[(264, 407), (87, 443)]
[(237, 356), (70, 383)]
[(216, 302), (42, 317)]
[(209, 266), (33, 204)]
[(228, 227), (167, 130)]
[(291, 208), (254, 91)]
[(345, 198), (338, 64)]
[(396, 219), (525, 121)]
