[(801, 31), (808, 250)]
[(997, 26), (1008, 241)]
[(1227, 26), (1237, 231)]
[(1482, 24), (1455, 255)]
[(1682, 23), (1572, 259)]
[(1858, 94), (1648, 292)]
[(1904, 336), (1675, 342)]
[(1888, 501), (1687, 402)]
[(1852, 686), (1592, 408)]
[(1625, 755), (1522, 403)]
[(1460, 712), (1437, 386)]
[(1328, 660), (1338, 362)]
[(1184, 615), (1226, 326)]
[(1098, 556), (1111, 316)]
[(1015, 536), (983, 312)]
[(949, 539), (805, 310)]
[(937, 560), (596, 483)]
[(929, 588), (714, 704)]
[(974, 626), (892, 786)]
[(1078, 674), (1018, 832)]
[(1173, 719), (1142, 865)]
[(1309, 762), (1220, 891)]
[(1467, 795), (1317, 904)]
[(1730, 925), (1342, 917)]
[(1673, 1044), (1325, 917)]
[(1381, 1060), (1276, 904)]
[(1260, 1049), (1177, 900)]
[(1160, 1050), (1088, 905)]
[(1087, 904), (1027, 1054)]
[(902, 883), (892, 1045)]
[(782, 883), (745, 1038)]
[(679, 876), (586, 1039)]
[(533, 860), (414, 1032)]
[(420, 865), (249, 1014)]
[(324, 854), (37, 931)]
[(247, 777), (49, 724)]
[(265, 676), (44, 603)]
[(310, 585), (66, 451)]
[(335, 482), (68, 336)]
[(379, 389), (100, 195)]
[(474, 334), (239, 60)]
[(602, 277), (500, 19)]
[(500, 19), (716, 255)]
