[(649, 48), (648, 220)]
[(785, 48), (789, 211)]
[(918, 53), (927, 225)]
[(1044, 53), (1064, 215)]
[(1215, 51), (1216, 217)]
[(1345, 53), (1329, 217)]
[(1496, 75), (1390, 232)]
[(1620, 163), (1402, 256)]
[(1667, 259), (1406, 294)]
[(1669, 362), (1409, 372)]
[(1669, 437), (1405, 472)]
[(1663, 549), (1400, 547)]
[(1657, 650), (1400, 645)]
[(1651, 755), (1395, 739)]
[(1653, 921), (1388, 800)]
[(1553, 1022), (1356, 849)]
[(1441, 1049), (1316, 874)]
[(1308, 1046), (1236, 882)]
[(1197, 1050), (1143, 883)]
[(1040, 1046), (1006, 876)]
[(823, 1043), (819, 885)]
[(702, 1043), (674, 884)]
[(546, 1041), (533, 871)]
[(382, 1039), (437, 881)]
[(209, 1000), (381, 859)]
[(126, 863), (343, 806)]
[(110, 728), (342, 712)]
[(112, 604), (338, 596)]
[(109, 510), (336, 474)]
[(108, 408), (330, 400)]
[(101, 299), (334, 336)]
[(115, 199), (358, 284)]
[(236, 102), (379, 224)]
[(360, 56), (421, 209)]
[(431, 48), (445, 210)]