[(785, 21), (777, 199)]
[(979, 23), (997, 196)]
[(1166, 22), (1171, 172)]
[(1346, 27), (1343, 194)]
[(1555, 27), (1474, 231)]
[(1810, 219), (1578, 270)]
[(1829, 348), (1592, 351)]
[(1807, 551), (1607, 410)]
[(1627, 669), (1576, 420)]
[(1414, 548), (1515, 370)]
[(1516, 369), (1295, 403)]
[(1251, 388), (1321, 232)]
[(1165, 380), (1006, 220)]
[(1077, 433), (763, 367)]
[(1060, 479), (793, 573)]
[(1103, 540), (974, 728)]
[(974, 729), (1213, 602)]
[(1167, 778), (1310, 626)]
[(1327, 798), (1468, 661)]
[(1475, 837), (1662, 695)]
[(1563, 875), (1866, 901)]
[(1547, 889), (1718, 1059)]
[(1408, 879), (1430, 1041)]
[(1256, 871), (1193, 1049)]
[(1073, 863), (1064, 1054)]
[(929, 863), (895, 1053)]
[(772, 872), (729, 1057)]
[(641, 872), (570, 1052)]
[(529, 856), (402, 1041)]
[(391, 831), (205, 1026)]
[(337, 823), (66, 891)]
[(326, 737), (35, 710)]
[(276, 621), (29, 558)]
[(281, 485), (27, 415)]
[(260, 375), (16, 298)]
[(288, 312), (52, 150)]
[(353, 252), (267, 13)]
[(464, 218), (455, 12)]
[(598, 181), (614, 15)]
