[(1019, 46), (1015, 161)]
[(1099, 50), (1086, 167)]
[(1186, 60), (1161, 177)]
[(1266, 71), (1222, 189)]
[(1337, 89), (1285, 204)]
[(1408, 107), (1343, 223)]
[(1488, 130), (1406, 242)]
[(1565, 165), (1464, 271)]
[(1626, 198), (1519, 304)]
[(1675, 234), (1580, 343)]
[(1734, 273), (1623, 388)]
[(1785, 329), (1657, 432)]
[(1831, 395), (1668, 480)]
[(1846, 436), (1681, 530)]
[(1866, 525), (1688, 568)]
[(1867, 591), (1672, 612)]
[(1845, 661), (1649, 641)]
[(1818, 700), (1626, 686)]
[(1789, 749), (1602, 726)]
[(1747, 792), (1568, 760)]
[(1660, 850), (1531, 781)]
[(1619, 883), (1483, 807)]
[(1543, 914), (1431, 833)]
[(1460, 945), (1382, 853)]
[(1379, 965), (1284, 882)]
[(1283, 996), (1227, 896)]
[(1183, 1008), (1156, 908)]
[(1091, 1021), (1059, 911)]
[(1010, 1025), (994, 920)]
[(902, 1026), (909, 922)]
[(832, 1022), (843, 915)]
[(765, 1014), (788, 911)]
[(691, 1008), (727, 899)]
[(617, 995), (653, 892)]
[(548, 975), (584, 878)]
[(460, 952), (513, 860)]
[(410, 933), (466, 830)]
[(348, 904), (409, 797)]
[(299, 879), (384, 775)]
[(237, 842), (328, 738)]
[(174, 799), (291, 704)]
[(116, 736), (260, 661)]
[(72, 672), (242, 632)]
[(48, 606), (223, 592)]
[(43, 523), (230, 538)]
[(59, 448), (227, 490)]
[(89, 376), (257, 432)]
[(145, 308), (288, 384)]
[(225, 241), (329, 342)]
[(301, 190), (379, 303)]
[(389, 150), (453, 266)]
[(444, 126), (520, 228)]
[(540, 102), (597, 209)]
[(620, 77), (677, 187)]
[(730, 61), (760, 170)]
[(819, 48), (838, 163)]
